#S X5 Y1
#1 X4 Y5
#2 X7 Y3
#3 X8 Y1
#4 X11 Y3
#5 X13 Y6
#6 X14 Y3
#7 X15 Y7
#8 X16 Y5
#9 X17 Y8
#10 X19 Y6
#11 X19 Y11
#12 X19 Y15
#13 X24 Y15
#14 X25 Y17
#15 X27 Y16
#16 X29 Y18
#17 X29 Y23
#18 X30 Y25
#19 X31 Y17
#20 X31 Y21
#21 X32 Y27
#22 X35 Y25
#23 X36 Y28
#24 X36 Y31
#25 X36 Y36
#26 X38 Y26
#D X36 Y37

175,209,239,32,40,143,178,169,98,39,110,174,136,53,137,229,232,101,18,46,94,189,203,191,99,47,8,115,162,236,152,68,164,179,192,38,54,28,135,183,59,148,25,123,36,195,56,250,41,27,74,29,219,106,133,43,120,198,116,93,242,142,44,139,181,23,141,20,227,90,221,171,196,77,76,132,187,172,146,62,155,212,107,241,72,91,226,173,102,11,88,200,82,71,154,158,70,249,22,228,177,234,190,218,117,1,223,238,114,197,78,30,10,124,205,87,130,237,150,220,84,213,33,58,216,34,166,145,66,243,14,85,96,140,86,194,97,17,51,21,211,144,60,153,105,193,9,24,2,233,208,247,170,217,134,230,204,6,64,129,37,188,61,163,168,7,81,184,182,156,16,65,157,108,224,89,57,159,42,31,202,128,50,49,231,5,225,149,3,95,122,75,48,104,35,180,67,55,92,151,161,12,186,121,19,118,100,201,199,222,167,248,235,160,131,210,79,83,80,245,206,63,112,176,103,185,138,147,244,126,4,109,119,165,125,215,214,15,73,13,113,127,246,26,69,52,111,45,207,240
